           [,1]       [,2]       [,3]
[1,]  1.1244444 -0.2532510 -0.6509028
[2,] -0.2532510  3.3266646  0.5484595
[3,] -0.6509028  0.5484595  1.1142346
           [,1]       [,2]       [,3]
[1,]  1.1244444 -0.2532510 -0.6509028
[2,] -0.2532510  3.3266646  0.5484595
[3,] -0.6509028  0.5484595  1.1142346
           [,1]       [,2]       [,3]
[1,]  1.1244444 -0.2532510 -0.6509028
[2,] -0.2532510  3.3266646  0.5484595
[3,] -0.6509028  0.5484595  1.1142346
           [,1]       [,2]       [,3]
[1,]  1.1244444 -0.2532510 -0.6509028
[2,] -0.2532510  3.3266646  0.5484595
[3,] -0.6509028  0.5484595  1.1142346
