$RelRisk
          p1         p2        RR      SElog     lower    upper       pwi      pwsi
1 0.07967480 0.10737179 0.7420459 0.17917856 0.5222924 1.054260 11.551660 14.359526
2 0.05804749 0.08300908 0.6992909 0.18903966 0.4827775 1.012905 11.020657 13.448928
3 0.08517350 0.10355987 0.8224566 0.24878950 0.5050600 1.339316  5.628604  9.231356
4 0.12259615 0.14823529 0.8270375 0.12394368 0.6486705 1.054451 21.648792 20.877611
5 0.10493827 0.12807882 0.8193257 0.16522062 0.5926804 1.132642 12.031522 15.773422
6 0.10851345 0.09703146 1.1183327 0.08801746 0.9411318 1.328898 38.118765 26.309157

$Heterogeneity
         Q       prob
1 9.882616 0.07863041

$tau2
[1] 0.02152309

$Fixed
         RR  CI.lower CI.upper
1 0.9135227 0.8167085 1.021814

$Random
         RR  CI.lower CI.upper
1 0.8601524 0.7242345 1.021578

