      nsubs nlost nrisk nevent    surv      pdf  hazard  se.surv    se.pdf
0-2     927     2 926.0     77 1.00000 0.041577 0.04338 0.000000 0.0045368
2-3     848     3 846.5     71 0.91685 0.076900 0.08755 0.009074 0.0087684
3-5     774     6 771.0    119 0.83995 0.064821 0.08363 0.012058 0.0055430
5-7     649     9 644.5     75 0.71030 0.041329 0.06178 0.014947 0.0045695
7-11    565     7 561.5    109 0.62765 0.030460 0.05375 0.015967 0.0027313
11-17   449     5 446.5    148 0.50581 0.027943 0.06622 0.016593 0.0020898
17-25   296     3 294.5    107 0.33815 0.015357 0.05550 0.015812 0.0013853
25-37   186     0 186.0     74 0.21529 0.007138 0.04139 0.013826 0.0007904
37-53   112     0 112.0     85 0.12964 0.006149 0.07644 0.011358 0.0006305
53-NA    27     0  27.0     27 0.03125       NA      NA 0.005912        NA
      se.hazard
0-2    0.004939
2-3    0.010380
3-5    0.007639
5-7    0.007120
7-11   0.005118
11-17  0.005335
17-25  0.005231
25-37  0.004660
37-53  0.006560
53-NA        NA
