      y1        x1      x2        e1       e2                          
y1 0.997  0.163865 0.36103  0.197168  0.27528  0.943 0.1667 0.3467 0.18
x1 0.164  0.083458 0.08262 -0.000839 -0.00137  0.167 0.0833 0.0833 0.00
x2 0.361  0.082619 0.17860  0.095981  0.00383  0.347 0.0833 0.1733 0.09
e1 0.197 -0.000839 0.09598  0.096820  0.00521  0.180 0.0000 0.0900 0.09
e2 0.275 -0.001374 0.00383  0.005207  0.26761  0.250 0.0000 0.0000 0.00
       
y1 0.25
x1 0.00
x2 0.00
e1 0.00
e2 0.25
      y1       x1     x2       e1       e2                               
y1 1.000  0.56797 0.8554  0.63450  0.53284  1.000 0.594 0.857 0.618 0.515
x1 0.568  1.00000 0.6767 -0.00933 -0.00919  0.594 1.000 0.693 0.000 0.000
x2 0.855  0.67672 1.0000  0.72990  0.01754  0.857 0.693 1.000 0.721 0.000
e1 0.635 -0.00933 0.7299  1.00000  0.03235  0.618 0.000 0.721 1.000 0.000
e2 0.533 -0.00919 0.0175  0.03235  1.00000  0.515 0.000 0.000 0.000 1.000
[1] 0.855
