     intercept x
[1,]         1 1
[2,]         1 3
[3,]         1 5
[4,]         1 7
     intercept   x
[1,]      54.7 5.2
     [,1] [,2] [,3] [,4]
[1,] 59.9 70.3 80.7 91.1
     [,1] [,2] [,3] [,4]
[1,]  0.1  3.7 -7.7  3.9
[1] 2
[1] 44.1
          intercept      x
intercept    46.305 -8.820
x            -8.820  2.205
intercept         x 
 6.804778  1.484924 
     intercept        x
[1,]   8.03847 3.501862
      intercept          x
[1,] 0.01512558 0.07275816
  yhat      lwr       upr
1 59.9 35.99413  83.80587
2 70.3 54.64993  85.95007
3 80.7 65.04993  96.35007
4 91.1 67.19413 115.00587
  yhat      lwr       upr
1 59.9 22.64539  97.15461
2 70.3 37.72179 102.87821
3 80.7 48.12179 113.27821
4 91.1 53.84539 128.35461
