     intercept       x1       x2
[1,]  23.66667 2.666667 3.166667
     [,1] [,2] [,3] [,4]
[1,]   58   76   75   93
     [,1] [,2] [,3] [,4]
[1,]    2   -2   -2    2
[1] 1
[1] 16
          intercept        x1         x2
intercept 230.22222 14.222222 -21.777778
x1         14.22222  2.222222  -1.777778
x2        -21.77778 -1.777778   2.222222
intercept        x1        x2 
15.173076  1.490712  1.490712 
     intercept       x1       x2
[1,]   1.55978 1.788854 2.124265
     intercept        x1        x2
[1,] 0.3629397 0.3245104 0.2800974
  yhat      lwr      upr
1   58 13.98442 102.0156
2   76 31.98442 120.0156
3   75 30.98442 119.0156
4   93 48.98442 137.0156
  yhat       lwr      upr
1   58 -9.234916 125.2349
2   76  8.765084 143.2349
3   75  7.765084 142.2349
4   93 25.765084 160.2349
