            1        2        3        4        5        6        7
[1,] 3.457448 9.841653 22.45136 33.89764 50.09584 53.29093 59.22217
            8
[1,] 58.74297
            1        2         3         4         5          6        7
[1,] 1.409305 1.101108 -1.176256 -1.612382 0.5944412 -0.1281148 1.091419
            8
[1,] 1.133108
[1] 11.23223
            1        2         3         4         5          6        7
[1,] 1.283685 1.059697 -1.196109 -1.594125 0.6061361 -0.1271641 1.251066
            8
[1,] 1.593981
