            1        2        3       4        5        6        7        8
[1,] 26.78081 100.1992 203.7388 187.868 111.4132 6.735889 17.34677 28.52302
           9       10
[1,] 26.9036 21.49073
            1         2         3          4          5         6         7
[1,] 1.008536 0.3796996 0.1584157 -0.1362827 -0.8918021 -1.824753 -1.283755
               8         9       10
[1,] -0.09793023 0.2113798 2.051265
[1] 12.17555
             1         2        3          4          5         6         7
[1,] 0.9781824 0.3773363 0.158124 -0.1365095 -0.9048239 -2.148154 -1.359981
               8         9       10
[1,] -0.09823183 0.2099679 1.922531
