       1        2        3        4        5        6        7        8 
 0.97818  0.37734  0.15812 -0.13651 -0.90482 -2.14815 -1.35998 -0.09823 
       9       10 
 0.20997  1.92253 
       1        2        3        4        5        6        7        8 
 1.00854  0.37970  0.15842 -0.13628 -0.89180 -1.82475 -1.28375 -0.09793 
       9       10 
 0.21138  2.05127 
      1       2       3       4       5       6       7       8       9 
 1.4807  0.4902  0.2352 -0.1812 -1.8149 -2.0164 -1.4446 -0.1192  0.2515 
     10 
 2.4773 
