    ID TIME DV SEX     ID TIME DV SEX
1  101   81  1   0    126  100  1   1
2  102   11  1   1    127   38  1   1
3  103   43  1   1    128   58  1   1
4  104   16  1   0    129   61  1   0
5  105  100  0   1    130   75  1   0
6  106   42  1   1    131   90  1   0
7  107   46  1   1    132   63  1   1
8  108   24  1   0    133   78  1   0
9  109   43  1   1    134  100  0   0
10 110   46  1   1    135   16  1   1
11 111   49  1   1    136   30  1   0
12 112   96  1   0    137   59  1   1
13 113   12  1   0    138   30  1   1
14 114   75  1   0    139   70  1   1
15 115   89  1   0    140   63  1   1
16 116   80  1   1    141   99  1   0
17 117   38  1   0    142   35  1   0
18 118   87  1   0    143   66  1   0
19 119   83  1   1    144   44  1   0
20 120   67  1   0    145   27  1   1
21 121    6  1   1    146   25  1   0
22 122   76  1   0    147   24  1   0
23 123   45  1   0    148   32  1   0
24 124   96  1   0    149   12  1   1
25 125   79  1   1    150   30  1   1
