[1] TRUE
   futime fustat rx di1 di2 Yi1 Yi2
1      59      1  1   0   1  13  13
2     115      1  1   0   1  13  12
3     156      1  1   0   1  13  11
22    268      1  1   0   1  13  10
23    329      1  1   0   1  13   9
24    353      1  2   1   0  13   8
25    365      1  2   1   0  12   8
26    377      0  2   0   0  11   8
4     421      0  2   0   0  10   8
5     431      1  1   0   1   9   8
6     448      0  1   0   0   9   7
7     464      1  2   1   0   9   6
8     475      1  2   1   0   8   6
9     477      0  1   0   0   7   6
10    563      1  2   1   0   7   5
11    638      1  1   0   1   6   5
12    744      0  2   0   0   6   4
13    769      0  2   0   0   5   4
14    770      0  2   0   0   4   4
15    803      0  1   0   0   3   4
16    855      0  1   0   0   3   3
17   1040      0  1   0   0   3   2
18   1106      0  1   0   0   3   1
19   1129      0  2   0   0   3   0
20   1206      0  2   0   0   2   0
21   1227      0  2   0   0   1   0
