   time n.risk n.event    surv       se      ll      ul
8   353     13       1 0.92308 0.073905 0.78902 1.00000
9   365     12       1 0.84615 0.100068 0.67110 1.00000
10  464      9       1 0.75214 0.125575 0.54223 1.00000
11  475      8       1 0.65812 0.140739 0.43279 1.00000
12  563      7       1 0.56410 0.148758 0.33643 0.94586
   time n.risk n.event    surv  std.err   lower   upper
8   353     13       1 0.92308 0.073905 0.78902 1.00000
9   365     12       1 0.84615 0.100068 0.67110 1.00000
10  464      9       1 0.75214 0.125575 0.54223 1.00000
11  475      8       1 0.65812 0.140739 0.43279 1.00000
12  563      7       1 0.56410 0.148758 0.33643 0.94586
