Call: survfit(formula = Surv(y, Status) ~ x, data = d4)

                x=Q0 
  time n.risk n.event survival std.err lower 95% CI upper 95% CI
 0.016     60       1    0.983  0.0165        0.951        1.000
 0.035     59       1    0.967  0.0232        0.922        1.000
 0.069     58       1    0.950  0.0281        0.896        1.000
 0.075     57       1    0.933  0.0322        0.872        0.999
 0.095     56       1    0.917  0.0357        0.849        0.989
 0.142     55       1    0.900  0.0387        0.827        0.979
 0.144     54       1    0.883  0.0414        0.806        0.968
 0.161     53       1    0.867  0.0439        0.785        0.957
 0.340     52       1    0.850  0.0461        0.764        0.945
 0.473     51       1    0.833  0.0481        0.744        0.933
 0.549     50       1    0.817  0.0500        0.724        0.921
 0.620     49       1    0.800  0.0516        0.705        0.908
 0.693     48       1    0.783  0.0532        0.686        0.895
 0.713     47       1    0.767  0.0546        0.667        0.882
 0.716     46       1    0.750  0.0559        0.648        0.868
 0.751     45       1    0.733  0.0571        0.630        0.854
 0.956     44       1    0.717  0.0582        0.611        0.840
 1.036     43       1    0.700  0.0592        0.593        0.826
 1.148     42       1    0.683  0.0601        0.575        0.812
 1.204     41       1    0.667  0.0609        0.557        0.797
 1.242     40       1    0.650  0.0616        0.540        0.783
 1.256     39       1    0.633  0.0622        0.522        0.768
 1.260     38       1    0.617  0.0628        0.505        0.753
 1.266     37       1    0.600  0.0632        0.488        0.738
 1.288     36       1    0.583  0.0636        0.471        0.722
 1.387     34       1    0.566  0.0640        0.454        0.707
 1.473     33       1    0.549  0.0644        0.436        0.691
 1.507     32       1    0.532  0.0646        0.419        0.675
 1.553     31       1    0.515  0.0648        0.402        0.659
 1.583     30       1    0.498  0.0648        0.385        0.642
 1.795     28       1    0.480  0.0649        0.368        0.625
 1.883     25       1    0.461  0.0651        0.349        0.608
 2.176     24       1    0.441  0.0651        0.331        0.589
 2.185     23       1    0.422  0.0651        0.312        0.571
 2.215     22       1    0.403  0.0649        0.294        0.553
 2.304     20       1    0.383  0.0647        0.275        0.533
 2.543     16       1    0.359  0.0649        0.252        0.512
 3.126     13       1    0.331  0.0655        0.225        0.488
 3.251     11       1    0.301  0.0661        0.196        0.463

                x=Q1 
  time n.risk n.event survival std.err lower 95% CI upper 95% CI
 0.048     20       1    0.950  0.0487        0.859        1.000
 0.166     19       1    0.900  0.0671        0.778        1.000
 0.226     18       1    0.850  0.0798        0.707        1.000
 0.318     17       1    0.800  0.0894        0.643        0.996
 0.427     16       1    0.750  0.0968        0.582        0.966
 0.448     15       1    0.700  0.1025        0.525        0.933
 0.951     14       1    0.650  0.1067        0.471        0.897
 1.136     13       1    0.600  0.1095        0.420        0.858
 1.336     12       1    0.550  0.1112        0.370        0.818
 1.341     11       1    0.500  0.1118        0.323        0.775
 1.900     10       1    0.450  0.1112        0.277        0.731
 2.639      8       1    0.394  0.1106        0.227        0.683
 3.286      5       1    0.315  0.1131        0.156        0.637

                x=Q2 
  time n.risk n.event survival std.err lower 95% CI upper 95% CI
 0.226     20       1     0.95  0.0487        0.859        1.000
 0.385     19       1     0.90  0.0671        0.778        1.000
 0.434     18       1     0.85  0.0798        0.707        1.000
 0.616     17       1     0.80  0.0894        0.643        0.996
 0.775     16       1     0.75  0.0968        0.582        0.966
 0.822     15       1     0.70  0.1025        0.525        0.933
 0.946     14       1     0.65  0.1067        0.471        0.897
 1.085     13       1     0.60  0.1095        0.420        0.858
 1.615     12       1     0.55  0.1112        0.370        0.818
 2.251     11       1     0.50  0.1118        0.323        0.775
 2.785     10       1     0.45  0.1112        0.277        0.731
 2.792      9       1     0.40  0.1095        0.234        0.684

                x=Q3 
 time n.risk n.event survival std.err lower 95% CI upper 95% CI
 0.45     20       1    0.950  0.0487        0.859        1.000
 1.26     17       1    0.894  0.0710        0.765        1.000
 1.34     16       1    0.838  0.0858        0.686        1.000
 2.78     14       1    0.778  0.0984        0.608        0.997

