Call: survfit(formula = Surv(y, Status) ~ x, data = d3)

                x=Control 
  time n.risk n.event survival std.err lower 95% CI upper 95% CI
 0.009     60       1    0.983  0.0165        0.951        1.000
 0.060     59       1    0.967  0.0232        0.922        1.000
 0.084     58       1    0.950  0.0281        0.896        1.000
 0.085     57       1    0.933  0.0322        0.872        0.999
 0.119     56       1    0.917  0.0357        0.849        0.989
 0.135     55       1    0.900  0.0387        0.827        0.979
 0.197     54       2    0.867  0.0439        0.785        0.957
 0.291     52       1    0.850  0.0461        0.764        0.945
 0.380     50       1    0.833  0.0482        0.744        0.933
 0.472     48       1    0.816  0.0502        0.723        0.920
 0.477     47       1    0.798  0.0521        0.702        0.907
 0.520     46       1    0.781  0.0538        0.682        0.894
 0.569     44       1    0.763  0.0554        0.662        0.880
 0.637     41       1    0.745  0.0571        0.641        0.865
 0.639     40       1    0.726  0.0586        0.620        0.850
 0.647     39       1    0.707  0.0600        0.599        0.835
 0.760     38       1    0.689  0.0612        0.579        0.820
 0.806     37       1    0.670  0.0623        0.558        0.804
 0.833     36       1    0.652  0.0633        0.538        0.788
 0.926     35       1    0.633  0.0642        0.519        0.772
 1.145     32       1    0.613  0.0652        0.498        0.755
 1.371     30       1    0.593  0.0661        0.476        0.738
 1.506     29       1    0.572  0.0669        0.455        0.720
 1.754     28       1    0.552  0.0676        0.434        0.702
 1.848     27       1    0.531  0.0681        0.413        0.683
 1.886     26       1    0.511  0.0685        0.393        0.664
 1.958     24       1    0.490  0.0689        0.372        0.645
 2.056     23       1    0.468  0.0691        0.351        0.625
 2.218     22       1    0.447  0.0691        0.330        0.605
 2.230     21       1    0.426  0.0690        0.310        0.585
 2.927     14       1    0.395  0.0705        0.279        0.561
 3.075     12       1    0.362  0.0719        0.246        0.535
 3.141     10       1    0.326  0.0733        0.210        0.507
 3.210      9       1    0.290  0.0736        0.176        0.477
 3.240      8       1    0.254  0.0727        0.145        0.445
 3.285      7       1    0.217  0.0708        0.115        0.412

                x=Test 
  time n.risk n.event survival std.err lower 95% CI upper 95% CI
 0.087     60       1    0.983  0.0165        0.951        1.000
 0.095     59       2    0.950  0.0281        0.896        1.000
 0.169     57       1    0.933  0.0322        0.872        0.999
 0.272     56       1    0.917  0.0357        0.849        0.989
 0.436     55       1    0.900  0.0387        0.827        0.979
 0.565     54       1    0.883  0.0414        0.806        0.968
 0.677     53       1    0.867  0.0439        0.785        0.957
 0.779     52       1    0.850  0.0461        0.764        0.945
 0.843     51       1    0.833  0.0481        0.744        0.933
 0.941     49       1    0.816  0.0500        0.724        0.921
 0.943     48       1    0.799  0.0518        0.704        0.908
 0.950     47       1    0.782  0.0534        0.684        0.894
 1.131     46       1    0.765  0.0549        0.665        0.881
 1.261     45       1    0.748  0.0563        0.646        0.867
 1.436     44       1    0.731  0.0575        0.627        0.853
 1.441     43       1    0.714  0.0586        0.608        0.839
 1.694     41       1    0.697  0.0597        0.589        0.824
 1.729     40       1    0.679  0.0607        0.570        0.810
 1.730     39       1    0.662  0.0616        0.552        0.794
 1.766     38       1    0.645  0.0624        0.533        0.779
 1.773     37       1    0.627  0.0631        0.515        0.764
 1.888     35       1    0.609  0.0638        0.496        0.748
 2.372     34       1    0.591  0.0644        0.478        0.732
 2.530     32       1    0.573  0.0650        0.459        0.715
 2.537     31       1    0.554  0.0654        0.440        0.699
 2.924     28       1    0.535  0.0660        0.420        0.681
 3.014     27       1    0.515  0.0665        0.400        0.663
 3.143     25       1    0.494  0.0669        0.379        0.644
 3.301     23       1    0.473  0.0674        0.357        0.625
 3.506     21       1    0.450  0.0678        0.335        0.605
 3.687     20       1    0.428  0.0681        0.313        0.584
 4.690     12       1    0.392  0.0711        0.275        0.559

